3 8 11076 6156 6033 37 3131 52 11162 9206
2 7 9121 6538 105 10207 3147 9099 6105
2 6 299 363 242 9251 6406 6331
3 5 9355 9411 300 246 382
2 8 9289 342 6292 386 304 360 3759 9304
2 3 11251 317 6389
1 4 442 11413 417 11554
3 6 6429 462 3562 11427 491 11479
3 6 12325 7640 492 4756 12429 4565
3 6 9569 9429 494 3485 3545 552
3 5 478 9496 537 3207 3312
1 4 776 3782 611 778
2 5 3598 11582 629 3659 9478
1 6 9630 11615 11618 673 9652 692
2 4 3701 687 3076 6706
2 7 9665 6708 688 707 3688 11653 692
1 4 9668 690 660 3663
1 6 11639 676 3694 693 696 3696
1 6 3918 920 877 6941 724 9817
2 4 11702 755 11718 3771
1 9 11707 13218 9719 6764 3761 758 6955 9689 6734
3 3 3736 761 9740
1 4 3780 11726 771 6788
3 6 4168 6943 788 11738 865 6846
1 5 3902 884 857 3859 9785
1 6 7183 1178 875 3871 6896 9778
2 4 10068 12043 900 1052
3 6 6732 3906 905 3906 11830 9832
2 5 819 9826 923 11846 9904
2 5 856 981 11898 928 4112
2 4 819 955 11803 883
1 6 9630 6675 11587 6661 969 3780
2 4 3866 980 970 11805
2 3 7155 1003 12040
1 5 7071 12084 1006 10084 1110
1 5 1145 9964 1013 11923 7132
2 5 4100 7016 4118 1024 7169
1 5 10125 4142 4054 1051 7113
2 3 1201 1065 11919
2 7 1047 7152 1187 1087 1131 10105 11981
2 4 962 9889 1093 10024
1 4 11943 1102 7203 5046
1 4 1006 10084 1110 7172
1 5 1109 976 1205 12001 9916
1 4 10177 10134 1244 7225
2 5 10453 1563 1374 12417 7601
1 5 7642 7223 1386 12249 7381
1 6 7775 4629 11687 1459 10148 10366
1 3 8178 1494 12064
2 4 4410 8120 1510 10401
2 7 7601 12417 1548 4539 1520 1535 12360
3 5 12497 1527 10339 6737 12312
2 6 4645 12323 1511 1540 4630 1652
1 5 7621 1568 12394 10402 12351
3 6 870 9810 9796 1595 9796 831
2 4 1542 7594 1598 4575
1 4 2043 1618 7904 10798
1 4 7604 1636 4755 1896
2 6 7621 1624 4643 1639 1596 10418
2 5 8243 8228 1652 4630 1540
2 6 3750 1747 1875 7771 10569 10595
2 4 12910 12924 1773 12932
2 5 10709 12685 1848 12145 12688
1 3 7891 1872 13202
1 4 2009 12887 1914 10743
2 3 1891 1969 4972
1 5 2017 2078 1995 10789 12769
1 3 2011 2008 5052
1 5 1914 12887 2009 12856 7912
1 6 1961 8029 12784 2010 2093 4994
1 5 10494 4969 2023 12703 12845
1 4 13079 2029 4976 8030
1 5 2017 2062 12895 2070 5075
2 3 2038 2094 5039
1 3 3795 2097 10793
2 3 12922 2106 5213
2 3 12975 2115 10968
1 3 5152 2158 12942
1 5 2184 2170 7424 2117 4396
1 4 1846 10988 2176 5180
1 4 7296 12110 2184 2170
3 5 7348 12166 3010 515 6726
3 8 6181 178 11031 11117 3134 11183 142 9140
3 6 3122 11065 9038 3025 3137 9167
2 7 3152 567 83 3174 11291 9501 10493
2 4 333 3215 9343 11349
2 4 11293 3359 3242 3379
1 3 253 3274 6363
3 5 6287 6393 3260 3325 11251
1 5 11554 11539 3484 11522 11679
2 3 736 3498 6726
3 3 11533 3524 9486
1 4 9567 3583 3414 6562
1 5 11432 3418 3585 6470 11404
1 4 591 3601 3592 11581
1 3 7891 3606 7869
3 4 9771 3630 6652 3645
1 5 3630 6652 3645 11605 6679
2 5 646 9606 3649 630 9602
2 5 3509 11463 9492 3671 11631
1 6 671 668 3674 3673 653 9648
3 5 11654 6707 3687 882 6890
1 4 6726 10684 3706 1262
3 5 11644 699 3713 6751 6573
3 3 761 3736 11571
1 5 6962 11709 3754 6773 3771
2 6 958 11713 762 3768 780 6613
1 8 6812 6966 13223 790 3816 6878 6903 3902
2 6 9727 7547 971 7528 3829 6850
2 4 1109 976 3864 3973
1 6 6972 9856 10027 3901 12066 9990
1 5 3939 3922 6913 3896 9780
2 3 911 3928 9909
1 5 9785 6993 9767 3938 858
1 5 848 6928 3981 3852 6922
1 5 4159 4014 12047 3857 10074
1 5 7172 10057 4156 1448 12350
1 3 4014 4159 9990
2 5 12456 926 4166 4738 4854
1 3 1086 4206 1201
2 6 12291 10247 4287 12221 10318 12459
1 5 7064 9973 4299 1377 12137
1 3 4987 4386 7064
1 5 7642 4434 7421 4406 7381
2 5 1424 4432 7379 4362 12291
1 5 10344 1650 12449 4585 1607
1 5 4641 7632 4598 10484 7660
1 3 4624 4611 12878
1 3 4611 4624 7617
2 4 5198 4632 1472 12308
1 7 1540 1511 12323 4645 10971 5125 8152
1 8 3962 7532 10444 10512 7595 4646 1642 12352
1 3 917 4678 7830
2 6 1426 12503 4787 4720 4787 7683
1 4 1851 4741 10672 12535
2 6 4166 4738 4854 751 5205 12582
1 6 1262 1857 11712 4860 12585 1851
1 3 12715 4904 12867
2 5 8057 1945 4977 4908 10765
2 3 2012 4957 8008
1 3 2077 4965 12715
1 7 1961 8029 1991 8121 4994 2093 2010
2 3 4972 5028 8109
1 5 5073 1957 5029 7491 8099
1 3 12786 5055 12137
1 5 2017 1948 2101 5075 2070
2 3 1975 5101 7930
2 3 2123 5164 12971
2 4 2227 5168 10939 10998
1 8 12990 12976 2191 12948 5197 5183 10927 8186
1 3 5152 5184 8208
1 3 2206 5196 5210
2 3 8129 5208 8140
1 5 2218 8233 5223 12422 10392
1 4 2192 3109 6008 11012
2 9 3164 9222 9043 3135 6180 11027 135 12 6149
1 3 11279 6237 9315
2 3 391 6241 11456
2 6 3190 6135 6247 346 3240 9356
2 8 382 3236 11347 6262 6315 9313 9330 11379
2 6 474 3496 560 6280 11341 9304
1 6 284 6385 159 6300 3150 11136
3 5 6218 6263 3271 6349 3326
2 3 3369 6351 3422
1 4 3274 6363 9364 3205
3 5 3299 3571 9555 6418 11542
3 4 3422 6489 11471 9239
3 4 3458 562 6499 442
2 3 454 6504 11483
3 5 11219 375 6521 9428 478
3 5 3552 3758 6536 9510 11465
2 3 708 6540 3299
2 4 3569 6562 3414 3583
3 3 529 6570 6469
3 3 516 6598 6560
2 4 3976 6985 6606 782
2 3 6974 6696 11621
2 6 758 6955 9689 6734 11673 9817
1 4 3605 6778 6916 9708
3 7 776 3782 6780 770 11721 3959 9909
1 3 883 6843 6972
3 7 831 11776 11760 6855 3853 9825 6890
1 5 931 9925 6866 9917 11756
2 3 6862 6875 11833
1 6 898 6822 959 6922 3852 3981
1 5 951 6929 11758 847 9804
1 7 11697 11699 12169 3915 6931 6917 3946
2 4 519 6934 3679 663
1 5 3754 11709 6962 760 9898
1 6 9727 12637 6971 7588 7646 10343
1 5 3901 10027 9856 6972 6843
1 7 1149 1189 12039 11957 7005 10026 11921
1 4 9936 7021 10036 7125
1 6 12059 11920 9944 7007 7054 4185
1 4 4299 9973 7064 4386
1 3 10070 7100 10013
1 3 1201 7107 7170
1 3 7072 7113 1051
1 3 4105 7120 7191
1 4 4056 7121 4103 9936
1 4 1013 11923 7132 4116
3 6 10029 7012 7134 7138 7083 12054
1 6 1092 1191 7145 1167 10055 12031
2 4 9807 1165 7169 1024
1 4 1086 7176 1015 4115
2 7 1001 1161 1121 1076 7200 1029 4031
2 6 10029 7202 10047 11927 10051 1132
1 4 1092 11946 7212 12031
2 4 7125 7221 7204 11992
2 6 3338 9041 180 87 7330 186
1 8 10152 1430 4321 7340 4321 4365 1317 8087
1 7 10278 7436 4420 10808 8067 7363 12247
2 6 11669 3766 11731 7420 9747 11714
2 4 4883 10030 7430 10311
2 3 1678 7458 7306
1 4 1611 7450 7520 12406
2 5 7476 8148 7589 4570 8196
1 5 718 9675 4445 7629 10230
1 3 7617 7630 10482
2 4 10347 7638 4436 10447
3 4 1424 7304 7644 7361
2 7 1356 4769 7807 10715 7683 4787 4720
1 6 7798 12576 7755 1667 10455 10682
3 7 12261 12678 7801 10655 4725 7763 7832
2 6 4540 7615 7797 1646 4444 12489
3 6 1655 4508 1604 954 7831 10586
3 5 4506 1588 12618 7832 7763
2 3 5199 7872 1874
2 4 4314 7898 7712 9121
1 3 2947 7901 13075
2 3 8096 7983 12794
1 5 8057 10871 8003 10800 10746
1 3 3834 8012 10765
2 3 2100 8015 12710
3 3 7548 8054 12677
1 3 10832 8089 12810
1 6 10740 8097 5044 10914 1972 12552
1 3 3916 8123 3795
1 8 4645 10971 5125 8152 2201 10958 10937 5207
1 4 10952 8157 8240 10924
2 3 2196 8182 8201
1 4 10996 8211 10982 12973
2 4 5200 12951 8224 12901
1 3 2164 8227 8242
2 6 1652 8228 8243 8130 11011 12990
2 4 6050 9149 11163 35
3 7 3140 57 70 9197 11068 149 3151
2 7 4640 11057 6099 9221 9485 11302 10493
3 5 279 11260 9252 9277 9361
3 4 3194 11246 9262 6314
3 8 6354 11271 6233 6344 9288 546 3568 3480
2 6 11371 9255 9303 3396 303 3342
2 3 9281 9309 9335
2 3 6318 9315 6237
2 3 321 9388 3340
2 5 11218 9314 9392 6320 3273
1 3 9427 9412 11554
2 5 6483 11411 9425 11550 9548
3 5 265 9374 9438 9357 6296
2 5 418 9449 3492 558 3580
3 5 265 6342 9483 9731 6314
2 5 13011 11732 9490 3506 9644
1 3 482 9497 11404
3 4 478 9535 6595 552
3 4 9486 9547 9443 11533
2 4 3522 6487 9560 6582
1 3 3583 9567 6464
3 6 3775 6607 9585 11728 3640 9467
2 3 624 9595 9588
3 4 4345 9601 7291 12149
2 3 6677 9614 9612
3 6 3763 11695 722 9667 9724 6710
2 5 3696 713 9687 6714 6711
3 5 11679 3716 9692 6739 11666
2 6 6717 11660 9673 9693 3806 718
1 7 11691 3548 6571 9704 727 11689 6761
1 4 3780 6790 9752 3976
1 6 3838 6891 9772 11824 11874 11773
1 4 6862 9794 6926 925
1 5 7169 1165 9807 11847 6994
2 8 3840 986 6881 11859 9814 11757 7517 1562
1 4 1822 4943 9816 10523
3 5 6909 9832 11830 3906 905
2 8 3783 964 11764 9835 6837 11886 3900 1052
2 3 9823 9893 12473
2 6 3928 9909 3959 11721 770 6780
1 4 9805 9916 12001 1205
1 6 895 3936 9930 9791 893 6923
1 6 1149 4194 7209 9980 1118 1041
1 4 3901 12066 9990 4159
1 6 12090 1142 9991 12010 11968 11929
1 4 1160 4163 9994 11969
2 4 1182 9998 7157 7087
1 4 4108 4139 10023 7069
2 4 962 4098 10024 1093
2 5 900 12043 10068 11761 9843
2 4 7011 10073 7164 4076
1 6 7340 4321 1430 10152 12180 10278
2 3 12182 10210 12295
3 6 490 11682 11902 10249 6510 9467
2 5 7430 10311 5063 1359 10324
1 4 7427 4424 10313 12299
1 5 3823 10343 7646 7588 6971
2 4 1637 12035 10358 1538
2 3 2213 10400 12064
2 4 1529 10405 4533 8181
3 5 8196 11002 10419 8197 10946
1 6 7649 4453 7533 12377 10427 10682
2 5 1538 10428 9946 7574 10401
2 7 1374 1563 10453 12447 12460 4302 10177
1 4 7630 10482 4969 10494
1 5 2023 4969 10494 4969 10482
1 3 10360 10513 10947
1 5 1896 12793 4553 10523 9816
2 4 13217 10538 697 12677
2 4 7718 10552 3769 12603
1 3 7782 10585 2947
1 6 10577 7871 1772 10598 4810 12518
1 6 7798 1759 10637 10622 4763 12560
1 5 1774 12520 10669 4777 12544
1 3 7891 10703 7830
1 4 12868 2032 10729 10772
1 3 12804 10738 12721
1 3 1914 10743 12806
1 3 2097 10793 5098
2 3 10915 10812 12751
1 3 4889 10820 8109
2 3 2012 10829 12751
1 3 13085 10842 12753
2 4 4033 10908 10877 2096
1 3 10773 10889 12810
1 6 2017 2062 7990 10890 8009 5073
2 3 2012 10915 10812
2 3 4851 10929 2216
3 5 2227 10933 2175 8179 5107
1 3 5120 10942 5162
2 3 2159 10972 8201
1 3 7500 10985 12942
1 3 8211 10996 12973
2 4 5168 10939 10998 8143
1 4 10965 11001 5146 12994
2 5 5198 11006 5227 1570 7649
2 3 2194 11007 5178
1 3 6008 11012 12830
2 3 2209 11023 12901
1 8 122 3114 9047 11037 27 11135 11028 3021
2 6 198 6040 11119 11098 10723 9121
3 6 9167 6144 11105 9129 9194 3083
2 7 3171 11184 3007 9138 11114 9054 6164
3 9 6149 9172 9050 11149 9370 3264 3139 3027 381
2 8 299 329 11215 11327 11160 6120 11376 9279
3 4 6354 11220 11241 6293
2 3 11221 11253 6103
2 6 3215 9343 11349 6303 3279 11254
2 3 3522 11359 11219
2 6 276 385 11257 11371 9255 9303
2 4 9361 11372 11343 9263
2 3 221 11374 6103
3 4 9281 11233 11388 6535
3 4 3501 11446 507 9239
2 4 11506 11491 6949 11549
1 3 708 11499 519
2 4 11535 11521 553 3509
3 4 9548 6584 11534 9716
2 4 624 11594 9624 6685
1 3 663 11604 9620
2 4 6685 11610 9643 9608
3 3 6706 11636 6677
2 7 4345 7345 11662 10381 9754 6916 9708
2 5 6710 11669 3766 11731 7420
2 6 6710 6769 6782 11714 9747 7420
2 5 6613 6786 11716 9728 958
1 4 914 11767 3884 13255
1 6 885 903 6936 11825 918 3918
2 3 1102 11943 7069
1 6 2086 11955 5002 9951 1377 12137
1 4 8101 4603 11976 4115
1 7 4105 4173 7104 12019 7174 11920 12059
1 8 7054 7007 9944 11920 12059 11920 7174 12019
3 5 490 13196 12147 7364 3208
2 4 1349 12269 12182 10210
1 5 4608 4390 1413 12277 12293
1 3 10313 12299 12113
1 8 3960 9920 1915 12301 9773 12720 3867 12791
2 7 7564 7535 7522 4481 12308 1472 4632
1 6 12014 9970 9982 12350 1448 4156
2 6 3962 7532 10444 12352 1642 4646
2 4 12364 12379 4573 7621
2 5 12313 1528 12401 1503 12458
1 5 7520 12406 4864 4673 12560
2 6 3732 7462 12459 10318 12221 4287
1 5 1562 12461 13215 10783 3834
1 5 3916 10811 12476 1463 7604
1 6 10586 12670 12501 10281 1758 10909
1 4 1799 12508 12571 10644
2 3 1580 12519 8136
1 7 12406 4864 4673 12560 4763 10622 10637
1 5 12124 1832 12578 7820 1262
1 6 12552 12627 1738 12624 7762 10798
2 3 736 12682 7782
2 3 4948 12710 8015
2 3 10764 12719 3165
1 3 10738 12721 13088
2 3 12858 12747 12834
2 3 2100 12802 12858
1 3 5061 12811 10746
2 3 4989 12834 12747
1 3 10746 12835 10769
2 3 12751 12838 7930
1 5 12812 1964 12840 5065 12991
1 4 2023 12703 12845 1937
1 3 1900 12867 4904
1 4 2086 12868 2032 10729
3 3 12762 12874 13212
2 3 4611 12878 13087
1 5 11953 12034 12888 7149 9960
2 3 2180 12908 12950
2 3 2209 12943 10986
1 3 8205 12967 5180
1 3 5162 12969 12983
2 5 2218 12923 12977 7636 5186
1 3 8255 12978 5143
1 3 5121 12984 8222
2 9 5183 5197 12948 2191 12976 12990 11011 8130 8243
1 4 4833 13091 13069 7869
2 3 2407 13075 7901
1 3 10842 13085 8017
2 2 14 6115
3 4 17 9532 11558 9546
3 3 17 11515 493
1 9 22 3016 76 9128 11169 203 11115 3193 11125
2 4 35 9185 9209 6164
3 6 117 71 6035 6086 9111 9177
3 7 117 11109 9234 320 248 11234 6293
3 3 121 3220 3190
1 7 122 6145 65 3192 137 3049 9296
1 6 122 6145 9170 6184 9036 6151
1 7 122 6145 9170 3059 6080 9204 14
1 5 131 6104 6046 11161 284
3 4 158 11081 11164 11125
3 5 158 120 82 9233 11079
3 7 158 11121 195 66 3172 11065 3122
3 6 158 6212 9106 11199 9104 11076
3 5 166 60 9082 3084 11159
3 10 186 6202 11179 3041 11133 11193 146 3363 370 381
2 6 186 9124 6100 3079 84 3164
1 5 188 3090 3188 3114 122
2 5 219 9285 9397 6268 9379
2 2 219 351
3 2 241 309
2 3 253 6301 3301
3 3 265 6342 3194
3 3 279 3381 17
3 2 281 3288
2 3 284 6385 3273
2 4 306 3247 11353 6293
3 6 306 3210 11336 6305 3390 3335
3 3 306 223 6354
3 5 306 3362 6387 9382 11254
3 3 309 11264 9281
3 7 310 6459 9275 3333 3310 6324 11202
3 5 310 11358 11342 9295 3320
3 4 310 6459 3219 6326
2 3 321 293 3340
3 4 333 3176 11154 9177
3 5 333 6245 11250 3358 9302
3 6 333 6245 9256 11236 9278 9356
2 4 351 11270 11317 11297
3 2 362 3380
3 2 362 9263
2 2 377 253
2 3 377 6378 3369
3 4 381 305 11320 6278
2 2 383 6331
2 3 383 6310 171
2 6 383 3307 6412 9362 6345 9279
2 2 391 9498
3 4 400 11357 11329 9316
2 3 400 13206 3393
3 2 405 3355
3 5 413 9448 9339 11323 11351
2 7 413 9448 6553 3504 437 3431 6566
3 2 441 550
2 2 442 3497
2 2 454 6585
2 4 454 11420 485 9434
3 2 476 6429
3 3 476 11464 550
3 4 478 6441 11481 3535
2 3 482 13116 11417
2 5 488 458 409 6597 3575
2 4 488 3452 6451 11561
2 2 493 9508
2 2 493 9546
3 3 495 9443 11533
3 2 495 6535
1 4 502 6530 6554 418
1 3 502 3466 6474
2 4 512 3493 6688 3655
2 3 514 6559 11432
2 3 514 11481 3535
2 2 516 3516
3 2 516 9536
3 3 525 3543 550
3 4 525 11557 6458 3480
3 4 525 3494 11454 488
2 3 526 11402 6513
2 3 526 9375 3522
2 3 564 9524 11445
3 2 564 11533
3 4 564 11431 9509 405
3 2 587 6469
3 2 587 9522
1 3 591 13252 11564
1 3 591 6611 9586
2 2 596 11581
2 3 620 3626 6651
2 3 620 9751 3771
1 2 628 11595
2 3 646 11787 3614
1 2 650 8222
1 3 671 11615 9630
1 3 671 3657 6656
1 2 678 9638
2 4 678 698 6698 9642
2 2 686 9661
2 2 686 6720
2 3 692 11653 6725
2 3 704 11651 9665
2 3 704 6690 9661
1 2 704 6552
2 3 708 3705 692
2 2 733 3732
1 2 737 721
1 3 737 767 11700
2 2 737 3755
1 4 740 13233 3735 3902
3 4 773 3776 603 3604
1 4 773 3776 603 6631
3 2 776 3780
1 3 778 9603 6666
2 4 782 9924 967 925
1 2 792 1108
1 5 806 886 6813 9912 9823
2 2 831 4601
1 3 853 1793 12765
1 5 853 7747 4796 1972 12552
1 2 853 3834
2 6 855 1742 1755 1820 1322 12446
1 3 856 11831 3951
1 3 858 13229 9778
3 5 870 11637 691 11656 6710
1 3 885 11852 3902
1 3 917 1411 10644
1 3 917 7858 7766
2 2 922 9833
1 3 925 9838 6831
2 4 940 3788 1122 1005
3 4 940 11792 6925 11747
1 2 947 856
2 4 949 3971 3952 3796
2 2 951 3957
2 3 951 873 6846
3 11 957 6989 11750 6684 664 6686 11643 1504 725 753 3753
1 4 957 11879 6944 898
1 4 962 9889 11884 832
1 2 974 9837
1 4 974 11856 9875 9914
2 3 1001 4148 1146
2 5 1001 4005 4123 4082 4031
1 10 1041 4047 10046 10117 12088 4057 1198 1127 4120 11954
2 2 1047 4189
1 3 1047 1202 4050
2 2 1092 10052
1 4 1145 11939 7166 4046
2 2 1182 4100
1 5 1208 12905 4216 12283 4396
1 7 1224 4269 1293 12188 1379 1407 4241
1 2 1262 7718
2 2 1330 10154
3 2 1356 12149
2 4 1408 4428 10157 7315
1 3 1408 4413 7853
3 2 1426 3208
2 3 1464 7516 12360
2 3 1464 1507 10330
1 2 1468 8178
2 2 1529 1542
1 2 1529 12466
1 2 1554 7775
1 5 1562 12374 7986 8115 853
2 2 1580 13217
2 3 1581 10486 12335
2 3 1583 10994 5186
2 2 1583 2109
1 4 1611 10458 10445 7564
1 3 1611 10500 7649
1 4 1611 10458 12451 7592
3 3 1626 12481 10347
3 3 1626 12440 8187
3 4 1626 12440 10943 12453
3 2 1626 4575
2 3 1637 4544 7537
3 4 1655 4437 9653 9654
3 3 1655 720 12497
3 3 1657 7893 1356
3 3 1657 4666 3208
3 3 1657 6740 490
2 2 1690 12124
2 3 1734 7776 4029
2 2 1814 12632
1 3 1815 12651 1851
3 4 1836 4772 10685 10618
3 2 1836 3750
2 2 1836 10709
1 2 1846 5221
3 5 1851 7760 10587 4839 3750
2 5 1866 4807 4664 10341 12456
2 3 1866 6752 10618
2 4 1866 1719 12550 1734
2 3 1867 10719 10618
2 4 1873 11667 12597 10618
3 3 1873 4875 11571
3 2 1874 12963
3 2 1874 2216
1 3 1896 12861 1822
1 2 1900 12753
1 2 1900 4991
3 2 1927 2042
2 6 1927 6798 12728 4955 10894 10740
3 3 1932 2025 8021
3 2 1932 1891
2 2 1937 1944
3 2 1951 10919
2 2 1951 12785
1 5 1961 10802 5042 1970 2015
1 2 1965 10832
1 2 1965 7913
2 2 1974 5084
2 2 1975 2056
1 2 1988 2075
2 2 1992 7978
2 2 1992 8021
2 2 1993 7963
2 2 1993 13211
1 2 1993 11194
2 2 2001 13212
1 2 2011 7913
1 3 2013 12316 10383
1 4 2013 901 1938 10106
1 3 2013 12372 3795
3 3 2042 6987 5061
1 2 2043 4567
2 2 2044 7930
1 2 2050 12731
2 3 2051 8032 5066
3 2 2056 1891
1 2 2080 9137
1 2 2089 8085
1 2 2089 5005
2 2 2096 8223
2 2 2096 10859
2 2 2100 2012
2 2 2120 12971
2 2 2120 5155
2 2 2123 2202
2 2 2126 4735
2 2 2126 12391
2 2 2126 12981
2 4 2139 1514 12957 2166
2 2 2152 12901
2 2 2152 2173
2 2 2152 12922
1 2 2156 8199
2 2 2159 2180
1 3 2161 2169 12952
2 2 2173 2194
2 2 2173 12964
1 2 2174 5229
2 2 2194 5178
1 2 2196 8205
2 2 2196 8183
2 3 2202 2217 2159
2 2 2209 12922
2 2 2209 10973
2 3 2220 4171 10932
1 2 2224 10965
3 3 2228 2132 5107
2 2 2407 7830
3 2 2407 7766
2 7 3021 3136 3128 77 9182 6093 156
2 12 3021 6042 133 3105 202 3191 113 6129 3162 11052 3039 11148
1 7 3022 6118 3096 9216 11100 9127 188
1 11 3022 6038 9132 107 6041 6187 3126 6111 173 6214 9126
1 6 3022 9139 11206 11113 6042 3021
3 5 3061 3161 204 67 9167
3 4 3140 9060 11048 9177
3 4 3151 6174 6197 117
2 4 3151 6174 11032 9098
3 5 3152 11426 11127 11443 4640
2 2 3165 5084
2 3 3171 11151 171
3 7 3190 6215 9159 9033 135 12 6149
3 2 3205 3301
3 2 3234 309
3 2 3234 3326
3 2 3234 405
3 3 3258 3367 11219
3 2 3258 3312
2 2 3258 3340
3 3 3272 6407 281
3 3 3272 6281 400
1 3 3273 6320 11218
3 2 3295 279
3 3 3295 3230 6259
2 5 3301 6301 3241 6378 3369
3 2 3320 6413
3 3 3320 327 6296
3 4 3335 6411 9384 9355
2 4 3338 312 3168 9248
2 3 3338 9041 6105
2 9 3338 3075 11089 3064 9101 6088 6193 9213 186
2 2 3342 285
2 4 3353 9322 296 11221
2 3 3379 3329 276
3 2 3380 3295
3 3 3380 6402 6332
2 4 3393 318 6359 9304
2 3 3422 3463 540
3 3 3423 11494 529
3 2 3444 6469
3 2 3458 3559
3 6 3480 11489 11425 463 9413 11504
3 2 3488 6583
3 2 3488 9522
2 2 3495 3509
2 3 3500 13116 11417
2 2 3500 482
1 3 3513 4328 12281
3 2 3516 11519
3 2 3521 3559
3 4 3521 9544 290 11301
3 4 3544 11492 548 493
3 3 3544 12562 3521
3 2 3544 6259
2 3 3549 6569 6585
2 3 3549 3534 3509
2 3 3549 9523 11506
3 6 3559 6484 9452 11441 3412 474
2 4 3580 9260 9328 9355
2 2 3598 620
2 4 3598 6792 11565 9737
2 2 3604 9582
2 2 3604 6656
3 4 3605 6625 4270 4345
2 2 3614 11586
1 2 3614 3617
2 4 3650 641 9590 6613
3 3 3650 6668 6666
2 3 3652 817 3650
2 2 3652 9642
2 2 3655 6651
3 4 3685 659 11791 831
1 3 3692 11640 663
1 2 3692 11486
3 4 3696 6697 6682 646
3 2 3696 11659
2 3 3701 6727 11670
2 5 3707 11686 754 3757 3575
2 4 3707 9683 6743 3701
3 12 3753 753 3756 7266 3963 12136 1343 7249 4841 7868 1742 855
3 7 3753 753 3756 739 12189 4805 12261
3 9 3753 753 3756 7266 3963 12136 4290 9659 10577
2 3 3755 574 11561
3 3 3763 749 11654
3 2 3775 3763
3 5 3775 6797 9580 11567 3605
3 2 3780 773
3 12 3783 964 892 987 11771 846 9831 11836 3877 11903 12337 4561
2 5 3783 6918 9854 6981 11835
3 2 3823 6846
1 2 3844 3973
2 3 3846 6933 3866
3 2 3854 9962
3 4 3870 921 6956 11746
2 5 3870 921 6977 9777 3950
2 2 3878 859
3 3 3878 9847 6909
1 3 3882 3865 974
2 2 3893 922
3 2 3893 849
2 3 3897 862 11817
1 2 3897 6717
2 4 3897 891 3863 6882
1 2 3905 11866
1 6 3918 918 13232 3874 794 11756
3 2 3924 3943
1 2 3924 6957
2 3 3924 11816 6889
1 3 3924 11816 9894
2 3 3943 984 9586
1 3 3950 6919 11797
2 5 3951 6808 3907 11784 11747
2 6 3951 6808 3907 9811 11792 940
1 2 3956 3939
1 3 3962 9859 6994
1 2 3976 6973
1 2 3984 3956
1 3 3992 4038 4185
2 4 4029 7829 926 12456
2 3 4033 10857 5084
2 2 4033 10764
1 5 4046 10078 12051 7081 1160
1 4 4046 10078 12051 11953
1 5 4050 1162 1120 9970 12014
2 4 4052 7171 7070 12040
1 4 4052 9790 912 11835
2 3 4052 10065 7155
2 3 4105 1099 1146
2 2 4109 1109
1 2 4111 4486
3 2 4111 11919
1 2 4111 4550
1 2 4165 9978
1 4 4165 1078 1162 4050
3 2 4168 12054
3 5 4168 11783 3925 11841 3823
2 2 4188 4100
1 3 4196 7027 11986
1 5 4196 4169 10069 4099 1055
1 5 4312 1337 4371 7236 12131
1 5 4329 4289 12135 1242 1222
2 3 4345 4417 10230
1 4 4361 1342 10279 7381
1 6 4396 8091 10269 1335 12171 10212
1 2 4440 8101
1 3 4486 7184 10383
1 3 4486 7001 7170
1 10 4506 1645 7526 4649 10379 7670 12482 10376 11893 6964
2 2 4515 12677
2 3 4515 1817 12907
2 3 4516 10361 7537
1 4 4516 10361 10878 4987
2 2 4540 10586
1 3 4550 12442 10383
1 3 4550 10087 1088
1 2 4550 1108
3 2 4561 4506
3 12 4561 1499 11903 3877 4514 6852 934 6898 3814 9905 3830 1052
2 7 4561 4633 4503 4572 1567 3932 6947
3 2 4565 10410
3 3 4565 4650 4464
3 3 4565 12429 4622
3 3 4565 1615 7480
2 3 4601 1445 9727
1 3 4608 4390 12293
1 3 4608 10479 12472
1 3 4613 10456 10330
3 4 4616 7124 2843 9935
3 6 4622 1587 12735 12803 9996 12384
3 2 4640 9120
2 2 4735 13217
2 2 4735 12391
1 2 4776 12932
1 4 4833 13091 10679 1830
2 2 4851 12963
2 2 4851 2151
2 2 4872 1873
2 2 4872 12688
2 3 4879 10957 8136
2 4 4883 4557 12420 10401
2 2 4889 7978
2 2 4889 8109
2 2 4938 8021
2 2 4938 4972
3 3 4941 1181 9962
2 3 4941 1181 3854
2 2 4941 2220
1 4 4941 1181 12847 1950
1 2 4951 4974
2 2 4952 12900
1 2 4952 8034
1 2 4956 2011
1 3 4974 2057 5027
1 2 4975 12552
1 3 4975 3883 12791
1 6 4975 12684 2102 12624 7762 10798
2 2 4989 7972
1 2 4991 2077
3 2 5013 8096
1 2 5015 13088
1 2 5021 7913
1 4 5037 4981 7934 12758
1 2 5037 12883
1 3 5037 2090 8060
1 2 5039 7959
2 2 5039 5070
2 2 5045 12794
2 2 5045 8008
1 2 5052 12873
1 2 5052 13089
3 2 5061 10769
2 2 5066 10832
2 2 5066 10730
1 3 5073 7573 10351
1 3 5106 5217 10525
3 3 5107 8179 2164
2 3 5117 12945 12896
3 3 5117 12925 8219
1 2 5120 2156
2 2 5121 12954
1 4 5121 12920 2199 12306
1 2 5131 10952
1 2 5131 2174
2 2 5143 2208
1 4 5151 5204 10984 5153
2 2 5151 8129
2 3 5153 2178 5107
1 4 5153 10984 5204 8129
2 2 5153 2164
3 2 5155 2216
1 2 5158 12981
1 2 5158 12958
2 3 5177 12935 2120
3 2 5177 2151
2 3 5178 4587 2109
1 2 5178 12466
1 3 5179 12930 2174
1 3 5179 10938 10924
1 3 5180 12911 8205
2 2 5180 10932
2 6 5198 12949 1557 8230 2187 2166
2 2 5199 12677
2 6 5207 10937 12311 1478 4487 2139
1 2 5210 8183
2 2 5210 10976
2 2 5213 2208
2 2 5213 10986
2 3 5213 8169 8255
1 3 5220 12933 2228
2 2 5221 12950
1 3 5229 10944 10965
1 3 5230 13195 10952
1 2 6039 7978
3 4 6103 11333 13070 3501
2 2 6105 6192
2 5 6105 9099 154 6177 9121
3 6 6105 9099 154 1295 4298 4314
2 2 6115 3171
2 3 6115 11078 3021
2 5 6132 9220 6161 6083 9108
2 3 6151 9174 14
2 5 6164 3063 3375 3286 6331
3 7 6175 9119 11096 6096 11175 11212 11094
3 10 6175 9119 11096 6096 6021 3078 9055 11038 3092 9248
3 6 6181 3121 11181 9158 9074 6175
3 2 6218 526
2 7 6232 3203 3293 3350 6292 342 9289
1 4 6232 6556 11477 441
2 3 6235 3341 3277
2 6 6248 9409 11335 11308 6450 3578
3 3 6259 548 493
3 3 6259 6567 9316
2 2 6270 11279
2 3 6270 7239 3369
2 3 6282 349 3340
2 4 6282 6334 9334 9361
3 2 6282 3312
2 2 6286 6336
3 3 6286 9403 9281
2 4 6289 6313 11267 11237
3 2 6296 3272
3 2 6314 3288
3 2 6318 9379
3 2 6318 3205
3 4 6326 9386 387 6293
3 5 6326 3219 358 9341 406
3 3 6332 11245 6375
3 3 6332 11265 3288
3 7 6338 260 404 3394 3294 11320 6278
2 4 6338 372 9514 11496
3 2 6354 9289
2 2 6364 6235
2 2 6364 3277
3 5 6375 9398 266 3384 281
3 2 6375 9316
3 2 6377 526
3 3 6377 3395 3234
3 3 6380 11282 9302
2 4 6380 6283 9278 9356
2 3 6389 6257 9320
3 3 6413 6340 406
3 3 6413 6359 9304
1 5 6420 3421 6445 9430 9417
2 2 6435 474
3 2 6446 11483
3 2 6446 575
3 2 6446 6560
3 3 6464 13205 9427
3 2 6469 495
1 3 6474 6505 9461
1 3 6474 3421 6420
3 2 6488 9486
3 2 6488 589
3 2 6496 3262
3 2 6496 9574
3 3 6496 6500 11562
3 2 6496 11456
2 2 6513 564
2 3 6513 3561 6524
2 2 6524 3500
2 3 6524 538 6582
3 3 6535 9509 405
1 2 6542 11486
3 2 6550 4112
2 4 6552 6723 732 9665
2 3 6552 11525 9569
2 3 6555 11529 11544
3 2 6558 17
2 3 6568 3530 6542
2 3 6568 6581 6594
2 4 6568 6581 9557 11417
3 2 6568 589
2 2 6568 6555
2 2 6573 9537
2 3 6573 6586 11691
2 2 6582 3535
3 2 6583 11435
3 2 6583 9418
2 2 6583 9559
2 2 6594 11417
3 2 6594 589
2 3 6600 9423 476
1 2 6626 11595
2 2 6626 11735
2 2 6626 599
2 2 6656 628
2 4 6657 9597 11565 9737
1 2 6666 9622
3 2 6677 657
1 2 6679 11639
1 5 6679 6709 6695 660 3663
2 3 6685 3680 11625
2 3 6700 9621 3617
3 3 6700 11646 11644
3 3 6706 3704 3701
3 3 6710 11656 3685
2 5 6717 11650 11680 9664 11654
1 2 6717 9708
2 3 6720 9676 6703
2 3 6725 6708 9665
3 6 6725 9681 532 5283 9541 9569
2 3 6725 9515 3299
2 3 6726 10684 7718
2 3 6732 3712 733
2 3 6759 3740 11697
3 2 6766 11702
1 4 6766 943 6917 3946
2 2 6793 782
1 4 6812 6966 3873 6817
2 4 6814 9888 11842 3893
2 3 6814 9888 9902
2 4 6831 3966 6939 883
3 4 6845 6869 11785 9804
3 2 6845 11900
3 3 6845 3863 6882
3 3 6850 3802 11800
2 4 6857 9818 3937 6923
2 3 6857 935 949
2 2 6882 3878
3 3 6890 4442 11800
3 3 6890 9825 3685
2 3 6906 6959 962
2 3 6906 9896 6817
3 4 6909 9850 908 718
2 3 6923 6952 6814
1 8 6947 11850 11781 6963 11828 9795 9918 11835
1 5 6964 11862 9883 946 6947
1 4 6964 9897 6944 898
2 2 6973 6946
2 3 6974 4402 10586
3 4 6984 822 11785 9804
3 2 6984 3957
3 3 6984 9758 6845
1 5 6996 11885 3926 6986 3846
1 3 6996 3798 799
1 3 7034 1650 10344
1 5 7034 4202 4541 7163 12335
1 5 7071 10010 10093 9938 4165
3 2 7072 11960
2 2 7072 12031
2 3 7110 4164 11925
2 2 7125 12040
1 3 7125 10036 9936
2 4 7150 4187 7013 1349
1 4 7151 4574 1544 4440
1 2 7151 7170
2 2 7161 4941
1 3 7161 10858 8048
1 4 7172 9984 4038 4185
2 3 7183 4080 9815
2 4 7183 10094 7153 9979
2 2 7185 7782
3 2 7222 1146
1 4 7296 1225 1416 12252
3 4 7306 10478 11589 12312
2 5 7306 11971 4691 11788 12646
2 5 7306 11971 4691 7536 1867
2 4 7306 11971 4807 1866
2 5 7315 12214 10327 4747 10687
2 4 7315 7386 10271 3513
3 3 7348 12534 7766
3 3 7348 1804 6726
2 4 7367 10221 12195 10438
1 2 7367 7587
3 6 7375 4372 12626 206 7403 6278
3 7 7375 1336 6025 3127 11111 11195 4314
2 3 7376 7319 10177
1 2 7376 7432
2 2 7394 11237
2 2 7408 7225
1 3 7408 1427 7367
2 3 7476 12923 2218
2 3 7476 8210 12479
3 2 7500 8208
3 3 7500 5163 10975
2 2 7524 4464
2 4 7537 7593 4644 10077
1 4 7552 4535 1643 12313
1 2 7552 7524
1 4 7564 7535 4530 7592
1 6 7566 4560 12411 1557 12949 5198
1 9 7587 4392 12122 12220 4388 1308 1281 12201 4312
2 4 7601 10467 4251 10177
1 2 7604 1822
3 3 7622 10498 7451
1 3 7642 10135 12293
2 5 7649 2163 10977 12934 8249
1 3 7649 12451 7592
2 6 7669 4415 12339 4441 4487 2139
2 2 7696 2407
1 3 7716 4128 12896
1 3 7716 9986 12795
1 4 7775 4629 11687 12430
2 4 7782 12636 4218 12688
1 2 7791 10909
1 2 7798 4776
2 2 7842 2151
2 4 7853 7677 10198 1690
1 2 7891 7830
3 6 7899 4775 10718 777 602 12582
3 3 7899 6767 1734
1 2 7921 10895
1 2 7921 12804
2 3 7930 7954 7950
1 2 7960 4993
2 2 7972 4948
2 2 7972 2100
2 2 8008 5039
2 2 8024 7968
1 3 8030 4924 10840
1 4 8030 12768 12894 13079
1 2 8034 10831
3 2 8039 13212
1 4 8060 8004 10892 5027
1 3 8060 10870 8030
3 2 8065 5013
3 2 8065 5070
2 3 8071 10836 2001
2 2 8071 12851
2 2 8078 1974
1 4 8085 12749 5058 4974
2 2 8087 10324
3 2 8096 8039
1 4 8101 10901 7970 5027
2 2 8109 4997
2 2 8109 7963
2 4 8129 5174 2190 2218
2 2 8140 2218
3 2 8143 10946
2 2 8181 2109
1 3 8181 5156 1529
1 3 8183 5224 2206
2 2 8187 8238
2 2 8187 5213
2 4 8187 2172 5163 7500
2 3 8187 10943 12453
2 4 8189 10959 5115 8140
2 4 8189 10959 2181 1583
2 2 8193 5117
2 2 8193 10968
2 2 8193 2192
1 2 8199 5162
1 3 8205 12911 2206
1 3 8213 10970 5162
2 2 8214 2213
2 2 8214 10525
1 2 8216 5143
2 2 8219 12981
1 2 8222 8229
1 2 8223 11145
2 2 8223 12929
2 2 8238 4575
1 3 8242 8184 10392
2 2 8245 8178
2 2 8245 5177
2 3 8249 12918 12910
2 3 8249 2130 12932
1 4 8249 5211 5225 8186
1 2 8252 5120
3 2 8255 10975
2 3 9098 3053 9120
2 3 9098 11139 117
3 5 9108 6165 6125 9147 11125
3 3 9120 9408 11202
1 8 9126 11058 11112 9211 11190 6024 6083 9108
3 4 9131 11189 3154 11168
3 5 9131 3175 11177 9110 3164
1 2 9137 11194
2 2 9137 7978
2 4 9151 205 11129 11148
2 7 9151 205 130 9088 182 3113 6132
2 2 9152 7963
3 4 9152 4897 4978 1473
2 2 9152 13211
3 4 9206 9100 3060 3151
3 10 9206 11162 3050 6150 3187 6052 9176 9078 2994 11159
3 3 9206 6186 3061
3 2 9239 6103
3 3 9239 11471 3369
3 3 9263 334 279
3 3 9279 6345 6287
2 3 9281 11264 11360
2 4 9296 9196 6072 6151
2 2 9297 3301
2 2 9297 6270
3 4 9302 3327 3263 382
3 4 9302 401 335 11254
3 3 9320 6298 6218
2 3 9320 11305 321
2 2 9335 6336
3 3 9340 9240 10493
3 2 9340 265
3 4 9347 6325 6298 6218
3 2 9347 9320
2 8 9355 11368 11214 384 356 3318 6341 413
3 8 9356 378 9311 3202 6362 9360 6299 11375
1 5 9417 11418 449 3478 6490
1 3 9417 11434 9461
3 3 9418 3560 3546
2 3 9427 11430 3497
3 3 9431 480 6560
3 2 9431 3262
2 3 9434 6599 11535
2 3 9434 9578 3549
3 3 9450 6713 9654
3 2 9450 12312
1 6 9461 9488 3519 11476 6544 6566
3 2 9472 3546
2 2 9472 13011
2 2 9478 3509
2 4 9478 11613 9631 11600
2 4 9478 3659 655 6657
3 2 9486 529
3 3 9486 6444 11560
3 3 9495 527 3495
2 2 9498 3262
2 2 9503 6542
3 3 9503 549 11531
2 3 9503 6712 3692
2 5 9503 549 3629 11502 9559
2 3 9503 6529 678
2 3 9505 6545 13011
2 3 9505 9658 3652
2 3 9505 11488 11516
2 2 9507 512
2 3 9507 6533 11631
2 4 9508 3482 6416 3458
2 5 9508 11428 3586 11430 3497
2 2 9517 11486
2 2 9517 6555
3 2 9522 3444
3 2 9536 11606
3 2 9548 6761
2 3 9559 11502 11531
3 3 9569 11525 3569
3 4 9570 6512 9511 11467
3 2 9570 552
3 4 9570 3510 3460 6558
3 2 9574 11519
1 2 9582 6793
1 3 9586 6619 9588
1 3 9586 3985 6957
2 3 9588 9591 11574
3 3 9602 9756 9771
2 3 9602 6998 3984
2 3 9608 619 3617
2 3 9608 6647 11577
1 4 9609 9607 11576 590
2 3 9609 6644 3655
2 3 9609 9625 11794
2 2 9612 9769
2 3 9612 9610 3796
1 4 9616 10556 9695 12535
1 3 9616 4778 12124
1 6 9616 12607 1862 12134 10422 4607
3 2 9617 3663
3 3 9617 6658 9612
1 3 9619 3665 6679
2 3 9620 11590 6666
1 2 9627 599
2 4 9627 6650 3592 11581
1 2 9638 9620
2 3 9644 667 9609
2 3 9644 6518 512
2 3 9648 6690 704
2 3 9648 9646 596
2 2 9648 9661
3 3 9654 9653 870
2 2 9660 11625
2 2 9660 6703
2 3 9661 11630 11627
1 2 9668 11639
1 3 9668 3689 11672
3 3 9716 6747 11672
2 3 9716 3577 6600
3 3 9716 723 3707
2 4 9727 12568 4988 6974
2 3 9737 6762 6759
2 4 9737 6762 3740 11697
3 5 9740 12701 1782 4869 12582
1 2 9764 6812
2 3 9769 649 9783
2 3 9769 6967 6814
2 4 9771 11754 793 3796
2 4 9778 3953 11812 832
2 2 9780 13255
1 4 9785 11870 3945 11742
2 3 9799 11848 4112
3 5 9804 847 3850 880 11800
1 2 9805 914
2 4 9815 12070 9765 3866
2 3 9817 6924 799
1 4 9817 889 9787 6996
1 4 9823 6883 1634 2013
1 3 9860 11759 9823
2 2 9865 6994
1 3 9874 6940 3939
1 2 9874 3882
1 2 9874 9849
1 3 9898 6960 3946
2 3 9898 11877 958
1 6 9900 11897 11826 3964 3807 3870
2 2 9902 922
2 3 9904 11751 6862
3 2 9907 6946
2 2 9914 9780
2 2 9914 13255
1 4 9932 3979 9868 11797
3 2 9962 2220
3 3 10013 10113 9945
3 3 10029 3994 7118
2 4 10052 11985 1025 7110
1 3 10062 7108 4050
3 4 10070 1194 10113 9945
3 2 10070 7069
3 3 10077 1609 4616
3 3 10088 1101 1538
2 2 10106 3916
2 3 10125 12097 7087
2 3 10154 10283 10344
2 3 10230 6719 3732
1 7 10265 1221 12236 10306 1372 12279 4228
1 6 10302 1261 12112 10186 12153 12118
2 4 10324 1359 12142 12295
2 4 10324 1359 7411 7250
2 3 10337 1500 12313
3 3 10337 12341 1927
3 4 10337 10504 10861 3960
1 3 10360 12438 5186
2 4 10365 10378 12354 2166
1 4 10366 7777 7501 1554
1 2 10383 4440
1 3 10383 1631 4951
3 2 10407 12325
1 3 10418 12998 10935
3 3 10418 10375 8208
2 4 10438 12264 4251 10177
2 3 10438 10425 12360
2 3 10447 7594 1542
3 5 10493 11302 3298 415 11202
3 3 10493 10323 265
3 3 10493 7482 310
1 4 10506 12340 12397 10366
2 2 10515 7500
2 3 10594 10930 5221
3 2 10595 12646
3 4 10595 10569 12620 3750
2 7 10612 12690 4745 10638 1502 12485 4506
1 3 10644 1737 7853
1 6 10682 4836 12377 7533 4453 7649
1 6 10682 10455 5161 2146 2155 4776
1 3 10687 12673 12124
1 5 10687 10690 12155 7255 3513
2 5 10709 12685 1870 3719 10618
1 2 10728 2075
2 2 10762 5070
2 4 10764 1953 7996 2096
1 2 10765 10848
1 5 10765 13214 12827 12745 10830
3 2 10769 5015
1 2 10773 10730
1 2 10773 12712
3 5 10798 9822 11743 2082 3960
2 2 10803 5013
2 2 10827 4033
1 2 10831 6039
2 2 10831 1992
1 2 10859 11145
1 3 10859 13244 7912
2 2 10862 12785
1 2 10862 12742
3 2 10895 8057
1 2 10895 12873
2 4 10909 968 9996 12384
3 2 10919 12731
2 2 10924 12973
2 3 10924 2160 12916
1 2 10932 2206
2 3 10946 4617 8242
2 3 10947 11008 2109
1 2 10953 12952
2 2 10965 2208
3 2 10968 8219
2 2 10973 5200
2 3 10980 8190 12996
2 2 10986 2208
3 4 11079 11024 6134 6175
3 4 11079 6146 193 11076
2 4 11091 9117 9193 156
2 5 11091 3045 11147 11040 9151
2 3 11091 6127 35
3 7 11094 6090 18 127 6109 6017 166
3 5 11094 6159 11038 3092 9248
3 8 11125 124 6087 6137 3156 9158 9074 6175
3 8 11125 124 6087 9112 11030 11085 15 6181
3 9 11125 124 6087 11204 3107 6128 6183 11142 9140
3 7 11159 90 6057 9190 152 57 3140
3 3 11168 3160 166
3 8 11168 81 6189 129 6056 6167 6101 121
1 2 11194 8078
1 2 11218 219
2 2 11237 3342
2 2 11251 3277
2 3 11279 9268 11221
2 3 11279 9268 9239
2 2 11293 3342
2 3 11297 9269 9379
2 3 11297 9250 3353
2 4 11301 347 13206 3393
3 3 11301 11247 3392
3 8 11351 340 313 3304 6492 9460 3426 3578
3 5 11370 216 11322 342 9289
3 3 11370 3267 406
2 7 11375 3303 11344 11394 11262 11309 6248
3 8 11375 6327 9325 3383 3282 9259 11356 6338
3 5 11375 9368 270 3245 6149
2 5 11379 350 11217 6316 9356
3 7 11379 11248 11294 9273 9245 11381 11351
2 4 11380 9308 9209 6164
2 4 11380 11390 3229 299
3 4 11435 11470 3547 587
2 3 11435 11470 3423
1 4 11437 11405 6596 11700
2 2 11445 11417
3 2 11456 3444
2 3 11456 9363 6286
3 3 11465 503 9478
3 2 11465 9495
3 3 11465 11616 11600
3 2 11467 6464
3 3 11467 479 9546
3 5 11479 536 6580 11399 3559
3 2 11479 6483
2 2 11483 11606
1 2 11486 519
3 5 11504 6507 6478 6451 11561
2 4 11504 3557 11397 418
2 3 11506 9534 6585
2 3 11506 9523 9507
3 3 11516 5291 3546
2 2 11516 9559
3 3 11519 6537 3488
3 4 11519 6537 11407 9418
3 2 11542 9569
2 3 11542 6440 11432
2 3 11544 9416 11404
2 3 11544 9572 11417
2 3 11544 561 3299
2 2 11547 3423
3 2 11547 11531
2 3 11549 3447 11606
2 2 11549 13011
1 4 11554 581 555 9537
3 2 11560 589
2 2 11560 11547
2 3 11561 6423 11437
3 2 11562 9522
3 2 11562 9574
3 3 11571 1769 7899
3 2 11574 11577
2 2 11580 11577
2 2 11580 11586
2 2 11581 624
2 2 11584 9582
2 2 11584 628
2 3 11586 9599 3984
1 2 11595 599
2 2 11600 6657
2 3 11606 3447 9472
2 4 11621 1881 4527 4601
2 2 11625 6700
2 3 11627 3670 6685
2 4 11627 3683 701 6703
2 3 11631 9629 6651
3 2 11659 11644
3 4 11659 6735 9706 11691
2 2 11666 704
2 2 11666 9661
2 5 11666 6739 3718 557 3569
2 4 11670 9698 11703 3575
3 4 11672 11655 9701 6706
3 3 11679 6561 9537
3 3 11679 9676 6720
1 2 11688 740
1 4 11688 13220 11854 885
3 4 11691 11536 6431 6483
1 4 11697 743 6756 740
1 4 11700 9729 9571 6420
1 6 11700 6596 3767 429 6776 6474
1 6 11700 6596 11405 453 486 502
3 3 11702 929 6759
1 4 11707 6749 9703 11688
1 4 11707 3729 726 3918
1 2 11735 11564
1 3 11742 888 832
2 5 11742 888 3891 3799 6906
2 2 11746 11810
1 2 11746 806
1 3 11747 6908 3905
3 5 11747 804 11844 3807 3870
1 5 11756 3845 11820 896 858
2 2 11794 3650
2 2 11794 6613
1 2 11797 9860
2 3 11805 3861 799
3 5 11817 702 3880 880 11800
3 3 11817 6885 9804
2 3 11818 3526 6857
1 3 11818 10163 3844
2 2 11818 895
3 2 11833 6946
2 2 11834 911
2 2 11834 958
2 2 11851 3846
2 2 11851 931
1 3 11857 11832 3882
1 3 11857 935 949
1 2 11887 11857
3 2 11887 9771
2 2 11900 9864
1 2 11919 792
2 4 11929 4162 2843 9935
1 5 11929 9993 10416 1497 12366
2 6 11929 9993 12423 13208 10514 1581
2 2 11929 4616
2 4 11935 1037 4129 11921
2 5 11948 10110 4126 7175 11992
1 2 11953 1160
3 4 11960 1067 4172 10125
3 4 11969 10091 7162 11921
3 3 11975 10465 7118
2 5 11981 4023 1018 11926 7137
1 2 11986 7071
1 2 11987 10013
1 2 11987 7173
1 2 12029 1088
1 3 12040 9981 848
3 2 12054 1132
1 2 12144 12131
2 4 12149 7433 1284 12291
1 7 12168 1277 7463 12302 7673 4652 1648
1 3 12292 4392 7587
2 2 12295 7250
1 4 12338 10389 10443 4616
1 2 12338 8010
1 3 12338 5310 4987
2 2 12351 10515
2 3 12351 10390 10418
3 2 12357 9450
2 2 12364 10515
1 4 12366 12395 10514 1581
3 3 12381 12353 12325
2 4 12381 1572 1584 7388
3 3 12381 1480 11975
3 3 12384 638 7118
3 4 12384 7583 12498 12325
2 2 12391 8136
2 2 12453 10515
2 2 12456 12312
2 3 12458 12778 4567
1 3 12472 7654 4273
2 2 12473 12029
1 2 12479 10360
2 4 12479 2185 5172 10980
1 2 12479 10432
3 2 12489 12458
3 4 12489 4444 10355 10410
3 4 12489 10477 4625 4540
2 2 12504 5221
2 3 12504 191 4515
2 2 12504 5199
1 2 12512 10245
3 3 12582 12278 9467
2 3 12603 4759 10709
2 4 12603 12663 3481 736
2 4 12604 12617 4804 1814
2 3 12646 12577 1867
2 2 12648 5231
2 2 12648 12064
2 2 12648 2213
1 3 12669 10558 7803
1 5 12669 7806 12541 12614 12544
2 2 12707 2056
2 2 12707 2001
2 2 12707 7950
2 2 12712 10730
2 3 12712 8236 12753
1 5 12727 7995 10923 4968 5027
1 3 12727 5024 10791
1 3 12727 12870 8060
3 2 12731 12900
1 5 12732 5057 12776 12750 7803
1 2 12738 10728
3 2 12746 2051
2 2 12751 5045
1 2 12755 10832
1 5 12758 5099 7970 10901 8101
1 2 12758 5027
3 2 12762 12817
3 2 12785 8039
2 2 12785 12843
2 3 12786 10751 4516
2 3 12786 7938 4410
2 5 12786 2005 1569 4571 1637
1 2 12791 10740
2 2 12794 12851
2 3 12795 1968 12677
2 4 12795 1516 1929 12907
3 2 12795 7548
1 3 12798 5051 8252
1 3 12804 10172 4956
3 2 12817 12900
3 2 12817 1932
1 2 12823 8017
1 2 12825 8213
1 2 12825 13083
2 3 12830 11108 3165
2 2 12830 8078
3 2 12843 10919
2 2 12843 13212
2 2 12851 7950
1 4 12853 12999 2168 5151
2 3 12858 1909 2038
1 2 12865 8017
1 2 12865 10728
1 2 12873 12746
1 4 12883 2033 7934 12758
3 3 12896 10025 7548
2 2 12900 1992
2 2 12901 5178
2 2 12907 7161
1 2 12907 1846
2 3 12916 5165 10973
2 2 12916 8189
1 2 12921 8136
1 2 12929 11145
2 2 12941 10976
1 2 12942 10975
2 2 12944 2202
2 2 12944 8201
1 2 12950 5155
1 2 12952 5173
2 2 12963 10525
2 2 12963 1580
2 2 12964 8238
2 2 12964 5213
2 2 12971 2180
2 2 12981 7548
2 3 12985 8202 12391
2 2 12989 12929
2 2 12989 3854
2 4 12991 10928 8164 12941
1 2 12994 5171
2 4 12996 2153 10999 8196
1 4 13077 7065 9976 11953
1 2 13087 13092
1 2 13088 5021
1 2 13089 12746
1 2 13089 2051
1 2 13202 1799
1 2 13210 2192
2 2 13211 1974
