1 14
1 17
1 22
1 35
1 117
1 121
1 122
1 131
1 156
1 158
1 166
1 171
1 186
1 188
1 198
1 219
1 221
1 241
1 253
1 265
1 276
1 279
1 281
1 284
1 285
1 299
1 306
1 310
1 321
1 333
1 351
1 362
1 381
1 382
1 383
1 391
1 400
1 405
1 406
1 413
1 418
1 441
1 442
1 454
1 474
1 476
1 478
1 482
1 488
1 490
1 493
1 495
1 502
1 512
1 516
1 519
1 525
1 526
1 529
1 540
1 550
1 552
1 589
1 590
1 591
1 596
1 599
1 620
1 624
1 628
1 646
1 650
1 657
1 663
1 671
1 678
1 686
1 692
1 704
1 708
1 718
1 721
1 733
1 736
1 740
1 758
1 761
1 773
1 776
1 778
1 782
1 792
1 799
1 806
1 819
1 831
1 832
1 848
1 849
1 853
1 855
1 856
1 858
1 859
1 870
1 883
1 885
1 895
1 898
1 900
1 905
1 911
1 914
1 917
1 922
1 925
1 931
1 940
1 947
1 949
1 951
1 957
1 958
1 962
1 974
1 1001
1 1005
1 1006
1 1013
1 1024
1 1041
1 1047
1 1051
1 1052
1 1055
1 1086
1 1088
1 1092
1 1093
1 1102
1 1109
1 1110
1 1132
1 1146
1 1149
1 1160
1 1182
1 1208
1 1222
1 1224
1 1262
1 1330
1 1349
1 1356
1 1374
1 1408
1 1424
1 1426
1 1464
1 1468
1 1473
1 1529
1 1538
1 1540
1 1542
1 1554
1 1562
1 1580
1 1581
1 1583
1 1607
1 1611
1 1626
1 1637
1 1648
1 1652
1 1655
1 1657
1 1678
1 1690
1 1734
1 1774
1 1799
1 1814
1 1815
1 1822
1 1830
1 1836
1 1846
1 1851
1 1866
1 1867
1 1873
1 1874
1 1891
1 1896
1 1900
1 1914
1 1927
1 1937
1 1944
1 1950
1 1951
1 1961
1 1965
1 1974
1 1975
1 1988
1 1992
1 1993
1 2001
1 2009
1 2010
1 2011
1 2012
1 2015
1 2017
1 2023
1 2038
1 2042
1 2043
1 2044
1 2050
1 2051
1 2070
1 2075
1 2077
1 2080
1 2086
1 2089
1 2096
1 2097
1 2100
1 2120
1 2123
1 2126
1 2139
1 2152
1 2156
1 2161
1 2164
1 2166
1 2170
1 2174
1 2180
1 2184
1 2192
1 2196
1 2206
1 2208
1 2209
1 2213
1 2218
1 2224
1 2227
1 2228
1 2407
1 2947
1 3021
1 3022
1 3061
1 3083
1 3122
1 3140
1 3151
1 3152
1 3164
1 3171
1 3190
1 3194
1 3208
1 3215
1 3258
1 3262
1 3272
1 3273
1 3277
1 3295
1 3299
1 3301
1 3312
1 3320
1 3326
1 3335
1 3338
1 3340
1 3342
1 3353
1 3392
1 3393
1 3423
1 3458
1 3480
1 3488
1 3495
1 3501
1 3509
1 3513
1 3516
1 3521
1 3522
1 3535
1 3544
1 3546
1 3549
1 3552
1 3559
1 3569
1 3575
1 3578
1 3580
1 3583
1 3598
1 3605
1 3614
1 3630
1 3645
1 3650
1 3652
1 3663
1 3685
1 3692
1 3696
1 3701
1 3707
1 3732
1 3736
1 3750
1 3753
1 3754
1 3755
1 3763
1 3775
1 3783
1 3796
1 3823
1 3834
1 3838
1 3840
1 3844
1 3846
1 3854
1 3866
1 3870
1 3878
1 3893
1 3897
1 3901
1 3902
1 3905
1 3916
1 3918
1 3924
1 3939
1 3946
1 3950
1 3956
1 3957
1 3960
1 3962
1 3973
1 3976
1 3981
1 3984
1 3992
1 4014
1 4029
1 4031
1 4050
1 4052
1 4056
1 4076
1 4105
1 4111
1 4112
1 4115
1 4116
1 4156
1 4165
1 4166
1 4168
1 4185
1 4189
1 4196
1 4228
1 4241
1 4273
1 4287
1 4299
1 4312
1 4314
1 4329
1 4345
1 4361
1 4386
1 4396
1 4410
1 4440
1 4464
1 4506
1 4515
1 4516
1 4540
1 4561
1 4565
1 4567
1 4575
1 4601
1 4607
1 4608
1 4611
1 4613
1 4616
1 4622
1 4632
1 4640
1 4641
1 4645
1 4646
1 4776
1 4854
1 4872
1 4879
1 4883
1 4889
1 4938
1 4941
1 4948
1 4974
1 4975
1 4993
1 4994
1 4997
1 5005
1 5013
1 5015
1 5027
1 5037
1 5039
1 5045
1 5046
1 5061
1 5066
1 5070
1 5073
1 5075
1 5098
1 5117
1 5120
1 5121
1 5131
1 5151
1 5152
1 5158
1 5168
1 5171
1 5173
1 5179
1 5183
1 5186
1 5198
1 5199
1 5200
1 5207
1 5213
1 5221
1 5229
1 5230
1 5231
1 6039
1 6050
1 6105
1 6115
1 6132
1 6149
1 6151
1 6164
1 6175
1 6181
1 6192
1 6232
1 6248
1 6278
1 6282
1 6286
1 6287
1 6289
1 6293
1 6296
1 6314
1 6326
1 6331
1 6338
1 6354
1 6375
1 6377
1 6380
1 6389
1 6420
1 6429
1 6435
1 6446
1 6464
1 6474
1 6483
1 6490
1 6524
1 6550
1 6552
1 6558
1 6566
1 6573
1 6594
1 6613
1 6626
1 6631
1 6666
1 6679
1 6685
1 6700
1 6706
1 6710
1 6711
1 6717
1 6720
1 6726
1 6734
1 6759
1 6761
1 6766
1 6780
1 6812
1 6814
1 6831
1 6845
1 6850
1 6857
1 6882
1 6889
1 6890
1 6922
1 6947
1 6957
1 6964
1 6971
1 6974
1 6984
1 6994
1 6996
1 7034
1 7054
1 7064
1 7071
1 7087
1 7110
1 7118
1 7125
1 7137
1 7150
1 7173
1 7183
1 7185
1 7191
1 7222
1 7225
1 7250
1 7296
1 7306
1 7315
1 7340
1 7348
1 7361
1 7367
1 7375
1 7376
1 7381
1 7388
1 7408
1 7420
1 7427
1 7430
1 7432
1 7451
1 7476
1 7480
1 7520
1 7524
1 7537
1 7552
1 7564
1 7566
1 7587
1 7592
1 7601
1 7621
1 7642
1 7649
1 7669
1 7683
1 7716
1 7763
1 7775
1 7791
1 7798
1 7803
1 7832
1 7853
1 7869
1 7899
1 7921
1 7930
1 7950
1 7959
1 7960
1 7963
1 7968
1 8017
1 8030
1 8034
1 8039
1 8048
1 8057
1 8060
1 8087
1 8099
1 8129
1 8140
1 8143
1 8152
1 8186
1 8187
1 8189
1 8193
1 8196
1 8201
1 8213
1 8216
1 8219
1 8223
1 8242
1 8243
1 8249
1 9098
1 9108
1 9120
1 9126
1 9131
1 9137
1 9140
1 9151
1 9167
1 9177
1 9206
1 9248
1 9279
1 9289
1 9296
1 9302
1 9304
1 9315
1 9335
1 9340
1 9355
1 9356
1 9417
1 9427
1 9431
1 9434
1 9450
1 9461
1 9467
1 9472
1 9495
1 9505
1 9507
1 9536
1 9537
1 9548
1 9569
1 9570
1 9608
1 9609
1 9612
1 9616
1 9619
1 9627
1 9638
1 9642
1 9648
1 9654
1 9708
1 9727
1 9737
1 9740
1 9764
1 9771
1 9778
1 9780
1 9785
1 9799
1 9804
1 9815
1 9817
1 9823
1 9843
1 9849
1 9860
1 9894
1 9900
1 9907
1 9932
1 9935
1 9936
1 9945
1 9960
1 9962
1 9978
1 9979
1 10013
1 10029
1 10052
1 10068
1 10077
1 10106
1 10125
1 10152
1 10154
1 10177
1 10210
1 10212
1 10230
1 10245
1 10265
1 10278
1 10302
1 10311
1 10313
1 10324
1 10330
1 10337
1 10344
1 10351
1 10365
1 10366
1 10401
1 10407
1 10418
1 10438
1 10453
1 10493
1 10506
1 10577
1 10595
1 10612
1 10637
1 10644
1 10682
1 10687
1 10709
1 10729
1 10740
1 10746
1 10762
1 10765
1 10772
1 10798
1 10803
1 10827
1 10830
1 10840
1 10848
1 10909
1 10919
1 10935
1 10953
1 10973
1 10976
1 10980
1 11076
1 11079
1 11091
1 11094
1 11125
1 11136
1 11145
1 11148
1 11159
1 11168
1 11202
1 11219
1 11254
1 11301
1 11349
1 11351
1 11370
1 11375
1 11379
1 11380
1 11404
1 11432
1 11437
1 11456
1 11479
1 11496
1 11504
1 11531
1 11542
1 11554
1 11571
1 11574
1 11577
1 11580
1 11621
1 11644
1 11654
1 11659
1 11669
1 11688
1 11700
1 11742
1 11746
1 11747
1 11756
1 11773
1 11800
1 11810
1 11817
1 11818
1 11835
1 11851
1 11857
1 11921
1 11925
1 11948
1 11953
1 11954
1 11969
1 11975
1 11981
1 12029
1 12054
1 12059
1 12090
1 12113
1 12118
1 12124
1 12137
1 12144
1 12168
1 12247
1 12252
1 12261
1 12281
1 12292
1 12299
1 12306
1 12308
1 12313
1 12325
1 12335
1 12350
1 12351
1 12357
1 12360
1 12366
1 12384
1 12391
1 12406
1 12430
1 12458
1 12472
1 12479
1 12497
1 12504
1 12518
1 12544
1 12552
1 12560
1 12582
1 12603
1 12604
1 12632
1 12669
1 12732
1 12758
1 12769
1 12786
1 12795
1 12812
1 12825
1 12853
1 12878
1 12883
1 12941
1 12952
1 12954
1 12958
1 12964
1 12983
1 12991
1 13077
1 13083
1 13087
1 13202
1 13210
